0.0 0.5793026 0.5568054 0.48031497 0.48818898 0.32845894 0.33070865 0.48818898 0.30146232 0.45781776
0.5793026 0.0 0.496063 0.3239595 0.64116985 0.63779527 0.47019124 0.65241843 0.61867267 0.6512936
0.5568054 0.496063 0.0 0.33408323 0.66591674 0.6130484 0.48368955 0.68953884 0.62992126 0.6535433
0.48031497 0.3239595 0.33408323 0.0 0.6366704 0.57030374 0.30596176 0.64679414 0.57030374 0.6096738
0.48818898 0.64116985 0.66591674 0.6366704 0.0 0.3295838 0.5849269 0.6231721 0.55230594 0.6152981
0.32845894 0.63779527 0.6130484 0.57030374 0.3295838 0.0 0.50281215 0.5511811 0.45556805 0.5590551
0.33070865 0.47019124 0.48368955 0.30596176 0.5849269 0.50281215 0.0 0.6096738 0.496063 0.5568054
0.48818898 0.65241843 0.68953884 0.64679414 0.6231721 0.5511811 0.6096738 0.0 0.33858266 0.47356582
0.30146232 0.61867267 0.62992126 0.57030374 0.55230594 0.45556805 0.496063 0.33858266 0.0 0.31383577
0.45781776 0.6512936 0.6535433 0.6096738 0.6152981 0.5590551 0.5568054 0.47356582 0.31383577 0.0
