0.0 0.61697495 0.562568 0.6278564 0.47225246 0.45266595 0.31773666 0.29162133 0.3101197
0.61697495 0.0 0.3101197 0.45810664 0.61697495 0.48639825 0.648531 0.56147987 0.65832424
0.562568 0.3101197 0.0 0.30250272 0.5603917 0.33188248 0.61262244 0.46898803 0.6137106
0.6278564 0.45810664 0.30250272 0.0 0.62676823 0.51468986 0.6572361 0.5799782 0.6572361
0.47225246 0.61697495 0.5603917 0.62676823 0.0 0.47769314 0.59303594 0.31664854 0.5484222
0.45266595 0.48639825 0.33188248 0.51468986 0.47769314 0.0 0.5571273 0.3068553 0.570185
0.31773666 0.648531 0.61262244 0.6572361 0.59303594 0.5571273 0.0 0.48857453 0.46681175
0.29162133 0.56147987 0.46898803 0.5799782 0.31664854 0.3068553 0.48857453 0.0 0.4624592
0.3101197 0.65832424 0.6137106 0.6572361 0.5484222 0.570185 0.46681175 0.4624592 0.0
